# Created by Octave 4.2.1, Wed Jul 05 19:08:41 2017 GMT <unknown@unknown>
# name: aFI
# type: scalar struct
# ndims: 2
 1 1
# length: 5
# name: 1
# type: lazy_index
# name: index_value
# type: matrix
# rows: 1
# columns: 718
 6 12 19 26 31 36 41 46 53 58 63 68 73 78 83 88 93 98 103 108 114 119 124 129 134 139 144 149 154 159 164 169 174 179 185 190 195 200 205 210 215 220 225 230 235 240 245 250 255 260 265 270 275 280 285 290 295 300 305 310 315 320 325 330 335 340 345 350 355 360 365 370 375 380 385 390 395 400 405 410 415 420 425 430 435 440 445 450 455 460 465 470 475 480 485 490 495 500 505 510 515 520 525 530 535 540 545 550 555 560 565 570 575 580 585 590 595 600 605 610 615 620 625 630 635 640 645 650 655 660 665 670 675 680 685 690 695 700 705 710 715 720 725 730 735 740 745 750 755 760 765 770 775 780 785 790 795 800 805 810 815 820 825 830 835 840 845 850 855 860 865 870 875 880 885 890 895 900 905 910 915 920 925 930 935 940 945 950 955 960 965 970 975 980 985 990 995 1000 1005 1010 1015 1020 1025 1030 1035 1040 1045 1050 1055 1060 1065 1070 1075 1080 1085 1090 1095 1100 1105 1110 1115 1120 1125 1130 1135 1140 1145 1150 1155 1160 1165 1170 1175 1180 1185 1190 1195 1200 1205 1210 1215 1220 1225 1230 1235 1240 1245 1250 1255 1260 1265 1270 1275 1280 1285 1290 1295 1300 1305 1310 1315 1320 1325 1330 1335 1340 1345 1350 1355 1360 1365 1370 1375 1380 1385 1390 1395 1400 1405 1410 1415 1420 1425 1430 1435 1440 1445 1450 1455 1460 1465 1470 1475 1480 1485 1490 1495 1500 1505 1510 1515 1520 1525 1530 1535 1540 1545 1550 1555 1560 1565 1570 1575 1580 1585 1590 1595 1600 1605 1610 1615 1620 1625 1630 1635 1640 1645 1650 1655 1660 1665 1670 1675 1680 1685 1690 1695 1700 1705 1710 1715 1720 1725 1730 1735 1740 1745 1750 1755 1760 1765 1770 1775 1780 1785 1790 1795 1800 1805 1810 1815 1820 1825 1830 1835 1840 1845 1850 1855 1860 1865 1870 1875 1880 1885 1890 1895 1900 1905 1910 1915 1920 1925 1930 1935 1940 1945 1950 1955 1960 1965 1970 1975 1980 1985 1990 1995 2000 2005 2010 2015 2020 2025 2030 2035 2040 2045 2050 2055 2060 2065 2070 2075 2080 2085 2090 2095 2100 2105 2110 2115 2120 2125 2130 2135 2140 2145 2150 2155 2160 2165 2170 2175 2180 2185 2190 2195 2200 2205 2210 2215 2220 2225 2230 2235 2240 2245 2250 2255 2260 2265 2270 2275 2280 2285 2290 2295 2300 2305 2310 2315 2320 2325 2330 2335 2340 2345 2350 2355 2360 2365 2370 2375 2380 2385 2390 2395 2400 2405 2410 2415 2420 2425 2430 2435 2440 2445 2450 2455 2460 2465 2470 2475 2480 2485 2490 2495 2500 2505 2510 2515 2520 2525 2530 2535 2540 2545 2550 2555 2560 2565 2570 2575 2580 2585 2590 2595 2600 2605 2610 2615 2620 2625 2630 2635 2640 2645 2650 2655 2660 2665 2670 2675 2680 2685 2690 2695 2700 2705 2710 2715 2720 2725 2730 2735 2740 2745 2750 2755 2760 2765 2770 2775 2780 2785 2790 2795 2800 2805 2810 2815 2820 2825 2830 2835 2840 2845 2850 2855 2860 2865 2870 2875 2880 2885 2890 2895 2900 2905 2910 2915 2920 2925 2930 2935 2940 2945 2950 2955 2960 2965 2970 2975 2980 2985 2990 2995 3000 3005 3010 3015 3020 3025 3030 3035 3040 3045 3050 3055 3060 3065 3070 3075 3080 3085 3090 3095 3100 3105 3110 3115 3120 3125 3130 3135 3140 3145 3150 3155 3160 3165 3170 3175 3180 3185 3190 3195 3200 3205 3210 3215 3220 3225 3230 3235 3240 3245 3250 3255 3260 3265 3270 3275 3280 3285 3290 3295 3300 3305 3310 3315 3320 3325 3330 3335 3340 3345 3350 3355 3360 3365 3370 3375 3380 3385 3390 3395 3400 3405 3410 3415 3420 3425 3430 3435 3440 3445 3450 3455 3460 3465 3470 3475 3480 3485 3490 3495 3500 3505 3510 3515 3520 3525 3530 3535 3540 3545 3550 3555 3560 3565 3570 3575 3580 3585 3590 3595 3600




# name: 2
# type: lazy_index
# name: index_value
# type: matrix
# rows: 1
# columns: 358
 11 21 31 41 51 61 72 82 92 102 113 123 133 143 153 163 174 184 194 204 214 224 234 244 254 264 274 284 294 304 314 324 334 344 354 364 374 384 394 404 414 424 434 444 454 464 474 484 494 504 514 524 534 544 554 565 575 585 595 605 615 625 635 645 655 665 675 685 695 705 715 725 735 745 755 765 775 785 795 805 815 825 835 845 855 865 876 886 896 906 916 926 936 946 956 966 976 986 996 1006 1016 1026 1036 1046 1056 1066 1076 1086 1096 1106 1116 1126 1136 1146 1156 1166 1176 1186 1196 1206 1216 1226 1236 1246 1256 1266 1276 1286 1296 1306 1316 1326 1336 1346 1356 1366 1376 1386 1396 1406 1416 1426 1436 1446 1456 1466 1476 1486 1496 1506 1516 1526 1536 1546 1556 1567 1577 1587 1597 1607 1617 1627 1637 1650 1660 1670 1680 1690 1700 1710 1720 1730 1740 1750 1761 1771 1781 1791 1801 1812 1822 1832 1842 1852 1862 1872 1882 1892 1902 1912 1922 1932 1942 1952 1962 1972 1982 1992 2002 2012 2022 2032 2042 2052 2062 2072 2082 2092 2102 2112 2122 2132 2142 2152 2162 2172 2182 2192 2202 2212 2222 2232 2242 2252 2262 2272 2282 2292 2302 2312 2322 2332 2342 2352 2362 2372 2382 2392 2402 2412 2422 2432 2442 2452 2462 2472 2482 2492 2502 2512 2522 2532 2542 2552 2562 2572 2582 2592 2602 2612 2622 2632 2642 2652 2662 2672 2682 2692 2702 2712 2722 2732 2743 2753 2763 2773 2783 2793 2803 2813 2823 2833 2843 2853 2863 2873 2883 2893 2903 2913 2923 2933 2943 2953 2963 2973 2983 2993 3003 3013 3023 3033 3043 3053 3063 3073 3083 3093 3103 3113 3123 3133 3143 3153 3163 3173 3183 3193 3203 3213 3223 3233 3244 3254 3264 3274 3284 3294 3304 3314 3324 3334 3344 3354 3365 3375 3385 3395 3405 3415 3425 3435 3445 3456 3466 3476 3486 3496 3506 3516 3526 3536 3546 3556 3566 3577 3587 3597




# name: 3
# type: lazy_index
# name: index_value
# type: matrix
# rows: 1
# columns: 119
 32 62 92 122 152 182 212 242 272 303 333 363 393 423 453 483 513 544 575 605 635 665 695 725 755 785 815 845 875 905 935 965 996 1026 1057 1089 1120 1150 1182 1212 1242 1272 1302 1333 1363 1393 1423 1453 1483 1513 1544 1574 1604 1634 1665 1695 1725 1755 1785 1815 1845 1875 1905 1935 1965 1995 2025 2055 2085 2117 2147 2177 2207 2237 2267 2297 2327 2357 2387 2417 2447 2477 2507 2537 2567 2597 2627 2657 2688 2718 2748 2778 2808 2838 2870 2900 2930 2960 2990 3020 3050 3080 3110 3140 3170 3200 3230 3260 3290 3320 3350 3380 3411 3441 3472 3502 3532 3562 3592




# name: 4
# type: lazy_index
# name: index_value
# type: matrix
# rows: 1
# columns: 89
 41 81 121 163 203 243 284 325 365 405 445 485 526 567 609 649 690 730 770 810 850 890 935 975 1015 1055 1095 1135 1175 1215 1256 1296 1339 1380 1420 1461 1501 1541 1581 1621 1661 1701 1741 1781 1821 1864 1904 1944 1984 2024 2064 2105 2145 2185 2225 2265 2305 2345 2385 2425 2465 2506 2546 2586 2626 2666 2706 2746 2787 2828 2868 2909 2949 2991 3031 3072 3115 3155 3196 3237 3277 3318 3358 3398 3438 3478 3518 3558 3599




# name: 5
# type: lazy_index
# name: index_value
# type: matrix
# rows: 1
# columns: 59
 61 122 182 242 302 363 423 483 543 605 666 726 786 848 908 968 1028 1088 1148 1209 1271 1333 1394 1456 1517 1578 1638 1699 1759 1819 1879 1939 2000 2062 2125 2185 2245 2305 2365 2425 2487 2549 2609 2670 2731 2791 2851 2911 2973 3033 3093 3153 3213 3276 3337 3399 3459 3519 3579






