# Created by Octave 4.2.1, Tue Jul 04 17:12:35 2017 GMT <unknown@unknown>
# name: resp_por_segundos
# type: matrix
# rows: 5
# columns: 1
 0.9888888888888889
 0.9605555555555556
 0.7916666666666666
 0.7347222222222223
 0.6775


