# Created by Octave 4.2.1, Mon Jul 03 19:50:24 2017 GMT <unknown@unknown>
# name: resp_por_segundos
# type: matrix
# rows: 5
# columns: 1
 0.9732731690385283
 0.9243318292259632
 0.6969802152030545
 0.6390142311697328
 0.3925720236029157


